1001,715,4.714285714285714
1001,267,1.1428571428571428
1001,294,1.0
1002,715,1.0
1002,267,3.6153846153846154
1002,294,3.9583333333333335
1002,259,1.24
1003,715,1.0
1003,267,2.4285714285714284
1003,294,2.2857142857142856
1003,259,2.4285714285714284
1003,674,5.0
1005,715,1.3125
1005,267,3.5625
1005,294,2.875
1005,259,1.9375
1005,674,3.625
1006,715,3.272727272727273
1006,267,2.0422535211267605
1006,294,1.1369863013698631
1006,259,1.015625
1006,674,3.2432432432432434
1006,285,3.626865671641791
1006,279,3.0579710144927534
1006,754,2.6447368421052633
1006,694,1.0
1006,251,1.3733333333333333
1006,250,3.1232876712328768
1006,702,2.026315789473684
1006,714,1.9305555555555556
1006,762,1.7142857142857142
1006,275,1.574468085106383
1006,295,2.1666666666666665
1006,757,1.0
1006,727,1.0
1006,256,2.296875
1006,726,2.6578947368421053
1006,730,2.7464788732394365
1008,715,3.5
1008,267,3.3529411764705883
1008,294,1.0
1008,259,2.3333333333333335
1008,674,4.352941176470588
1009,715,1.0
1009,267,1.2321428571428572
1009,294,2.4098360655737703
1009,259,1.0
1009,674,1.0
1009,285,4.084745762711864
1009,279,1.0
1009,754,4.440677966101695
1009,694,1.0338983050847457
1010,715,1.0
1010,267,1.2
1010,294,1.0
1011,715,4.0
1012,715,3.6315789473684212
1012,267,2.892857142857143
1012,294,3.625
1012,259,1.0363636363636364
1012,674,2.2363636363636363
1012,285,1.0
1012,279,2.727272727272727
1012,754,1.3773584905660377
1012,694,1.0
1012,251,1.0
1012,250,1.8909090909090909
1012,702,1.0
1012,714,1.4423076923076923
1014,715,2.4
1014,267,3.272727272727273
1014,294,2.1666666666666665
1016,715,2.75
1018,715,2.272727272727273
1018,267,1.9090909090909092
1018,294,4.545454545454546
1018,259,2.272727272727273
1019,715,2.2
1019,267,1.0625
1019,294,1.2777777777777777
1019,259,3.450980392156863
1019,674,3.467391304347826
1019,285,3.831578947368421
1019,279,1.5490196078431373
1019,754,1.893939393939394
1019,694,3.210526315789474
1019,251,4.5212765957446805
1019,250,1.170731707317073
1019,702,1.0891089108910892
1019,714,2.257142857142857
1019,762,2.34375
1019,275,1.5638297872340425
1019,295,3.4719101123595504
1019,757,4.25531914893617
1019,727,1.8630136986301369
1019,256,1.7
1019,726,2.318681318681319
1019,730,2.268041237113402
1019,718,2.730337078651685
1019,745,4.473684210526316
1019,263,3.5257731958762886
1019,732,2.6842105263157894
1019,683,4.606741573033708
1019,751,1.7934782608695652
1019,719,2.888888888888889
1019,716,3.4
1020,715,1.9166666666666667
1020,267,3.769230769230769
1020,294,3.6153846153846154
1020,259,1.0
1020,674,1.3076923076923077
1021,715,2.0
1023,715,2.1666666666666665
1023,267,1.4137931034482758
1023,294,1.92
1023,259,4.785714285714286
1023,674,3.9655172413793105
1024,715,3.4444444444444446
1025,715,4.0
1026,715,2.090909090909091
1026,267,4.0
1026,294,3.0
1026,259,2.0
1026,674,1.8333333333333333
1026,285,4.818181818181818
1026,279,3.8333333333333335
1026,754,1.9090909090909092
1027,715,3.6666666666666665
1027,267,1.6666666666666667
1028,715,1.0
1029,715,1.25
1030,715,2.0
1031,715,3.0
1031,267,1.0
1031,294,1.0
1032,715,4.0
1032,267,1.1666666666666667
1033,715,1.7341772151898733
1033,267,1.5357142857142858
1033,294,1.728395061728395
1033,259,1.3
1033,674,1.7162162162162162
1033,285,5.0
1033,279,1.4266666666666667
1033,754,2.357142857142857
1033,694,4.952941176470588
1033,251,4.211267605633803
1033,250,1.5595238095238095
1033,702,4.8977272727272725
1033,714,1.4230769230769231
1033,762,1.275
1033,275,2.015625
1033,295,3.0759493670886076
1033,757,1.620253164556962
1033,727,1.7875
1033,256,3.2253521126760565
1033,726,1.7439024390243902
1033,730,3.524390243902439
1033,718,2.268292682926829
1033,745,5.0
1033,263,3.5185185185185186
1033,732,1.3661971830985915
1033,683,1.8933333333333333
1035,715,2.0833333333333335
1035,267,3.4166666666666665
1035,294,1.0
1035,259,1.0833333333333333
1035,674,1.0
1035,285,1.5
1036,715,3.789473684210526
1036,267,4.0
1036,294,3.3684210526315788
1036,259,1.3636363636363635
1036,674,4.526315789473684
1039,715,5.0
1040,715,1.0
1040,267,1.0
1041,715,3.0
1042,715,1.6666666666666667
1042,267,1.0
