1001,715,2.3614958448753463
1001,267,2.3614958448753463
1001,294,3.322971636357337
1001,259,2.3614958448753463
1001,674,5.0
1002,715,2.757247776926061
1002,267,2.3614958448753463
1003,715,2.3614958448753463
1003,267,2.678993174332173
1004,715,2.3614958448753463
1005,715,2.3614958448753463
1005,267,3.034124438781544
1005,294,2.3029128615311785
1005,259,2.3935787117616054
1005,674,2.6562547852724383
1006,715,2.3614958448753463
1006,267,3.3824234427581406
1006,294,3.527169412211724
1006,259,2.3614958448753463
1006,674,3.162335142362627
1006,285,2.3614958448753463
1006,279,2.3614958448753463
1006,754,2.3614958448753463
1006,694,2.3614958448753463
1006,251,2.3614958448753463
1006,250,2.3614958448753463
1006,702,2.3614958448753463
1006,714,2.3614958448753463
1007,715,3.644084355598788
1007,267,2.3614958448753463
1008,715,2.0882569745968707
1008,267,2.3614958448753463
1008,294,3.144246379676135
1008,259,3.3340857641289583
1009,715,3.3595700759707103
1009,267,3.191983466499634
1009,294,2.3614958448753463
1009,259,2.3614958448753463
1009,674,2.6905573716721674
1009,285,2.7573541999487894
1009,279,2.3614958448753463
1009,754,2.3614958448753463
1009,694,2.3614958448753463
1009,251,4.4530092128361485
1009,250,2.3614958448753463
1009,702,2.3614958448753463
1010,715,2.1609453488339336
1010,267,2.3614958448753463
1011,715,2.3614958448753463
1012,715,2.3614958448753463
1012,267,2.3460669600672155
1012,294,2.3614958448753463
1012,259,2.3614958448753463
1012,674,3.033709179525143
1012,285,2.3614958448753463
1012,279,2.3614958448753463
1012,754,2.3614958448753463
1012,694,2.3614958448753463
1012,251,2.4906020120725896
1012,250,3.2050354646358756
1012,702,2.3614958448753463
1012,714,2.3614958448753463
1012,762,2.3614958448753463
1012,275,2.747804314551093
1012,295,2.3614958448753463
1013,715,2.3614958448753463
1014,715,2.3614958448753463
1014,267,5.0
1014,294,5.0
1015,715,2.3614958448753463
1018,715,2.3614958448753463
1018,267,2.3614958448753463
1018,294,2.439469844900874
1018,259,2.3614958448753463
1019,715,2.3614958448753463
1019,267,2.3614958448753463
1019,294,2.3614958448753463
1019,259,2.8810449233203212
1019,674,2.3614958448753463
1019,285,3.4608833616711983
1019,279,3.2910334189768378
1019,754,2.3614958448753463
1019,694,2.4013947482776867
1019,251,2.3614958448753463
1019,250,3.0231996462146116
1019,702,2.3614958448753463
1019,714,2.882736918552539
1019,762,2.4233851997239073
1019,275,2.3614958448753463
1019,295,2.3614958448753463
1019,757,2.3614958448753463
1019,727,2.880535753674611
1019,256,2.7695786579465227
1019,726,2.886429533091399
1019,730,2.3614958448753463
1019,718,2.3614958448753463
1019,745,2.3614958448753463
1019,263,2.3614958448753463
1019,732,2.3614958448753463
1019,683,2.3614958448753463
1020,715,2.3614958448753463
1020,267,2.3614958448753463
1021,715,3.431992726124639
1021,267,2.3614958448753463
1021,294,4.3156805265305715
1022,715,3.6146317015804645
1022,267,3.4192909413485033
1023,715,3.0660494856290708
1023,267,2.3614958448753463
1023,294,2.3614958448753463
1023,259,5.0
1023,674,3.889240843544106
1023,285,3.4112791232434185
1024,715,3.0039144670499116
1024,267,2.352012997616391
1024,294,2.3614958448753463
1024,259,2.3614958448753463
1024,674,2.3614958448753463
1025,715,2.3614958448753463
1026,715,3.22496560900048
1026,267,2.3614958448753463
1026,294,2.489235145432829
1026,259,2.3536325240705276
1027,715,2.3614958448753463
1027,267,2.7616646334531945
1027,294,2.992199032829927
1028,715,2.3707865168539324
1029,715,2.3614958448753463
1030,715,3.3403318344153545
1030,267,2.3614958448753463
1030,294,3.1409771489558085
1031,715,4.02982542822237
1032,715,2.3614958448753463
1032,267,2.3614958448753463
1032,294,2.827702283526146
1032,259,2.3614958448753463
1032,674,2.7228777153957715
1033,715,2.3614958448753463
1033,267,3.092245640115151
1033,294,2.3614958448753463
1033,259,2.3614958448753463
1033,674,3.8547129724707023
1033,285,2.3614958448753463
1033,279,2.3614958448753463
1033,754,3.5108798814146542
1033,694,2.3614958448753463
1033,251,3.629725703086908
1033,250,2.3614958448753463
1033,702,2.7988982143063748
1033,714,2.8490747416415676
1033,762,2.3614958448753463
1033,275,2.3614958448753463
1033,295,2.3614958448753463
1033,757,2.3614958448753463
1033,727,2.9778532888508717
1033,256,2.3614958448753463
1033,726,2.3614958448753463
1033,730,2.3614958448753463
1033,718,2.3614958448753463
1033,745,4.085379764125868
1033,263,2.3614958448753463
1033,732,2.3614958448753463
1033,683,4.895051384337648
1033,751,2.3614958448753463
1035,715,2.3614958448753463
1035,267,2.5701939266301324
1036,715,3.9231709748664487
1036,267,3.9772321995764397
1036,294,2.3614958448753463
1036,259,3.358621409055326
1036,674,4.738742134915018
1036,285,2.8838252595410148
1036,279,2.3614958448753463
1037,715,1.9094440902730097
1038,715,2.3614958448753463
1039,715,4.486067376345287
1039,267,4.546577092427889
1039,294,2.3614958448753463
1039,259,5.0
1040,715,2.3614958448753463
1040,267,2.3614958448753463
1041,715,2.3614958448753463
1042,715,2.3614958448753463
