1001,715,3.166666666666667
1001,267,2.3614958448753463
1001,294,3.166666666666667
1001,259,2.60638866513663
1001,674,3.166666666666667
1002,715,2.3614958448753463
1002,267,3.3015973006742048
1003,715,2.3614958448753463
1003,267,2.3614958448753463
1004,715,2.6086400433343653
1005,715,2.3614958448753463
1005,267,2.3614958448753463
1005,294,2.3614958448753463
1005,259,2.0742353869537373
1005,674,2.165660209786952
1006,715,2.3614958448753463
1006,267,2.3614958448753463
1006,294,2.234915911637802
1006,259,2.3614958448753463
1006,674,2.2624183010627483
1006,285,2.3614958448753463
1006,279,2.2056442342799607
1006,754,2.3774547510442816
1006,694,2.3614958448753463
1006,251,2.338451217043707
1006,250,2.3614958448753463
1006,702,2.3614958448753463
1006,714,2.2085524409836204
1007,715,2.125
1007,267,1.2544488062140733
1008,715,2.3614958448753463
1008,267,2.3614958448753463
1008,294,2.3614958448753463
1008,259,2.3614958448753463
1009,715,2.3614958448753463
1009,267,2.3614958448753463
1009,294,2.3614958448753463
1009,259,2.3614958448753463
1009,674,2.3614958448753463
1009,285,2.3614958448753463
1009,279,2.3614958448753463
1009,754,2.3614958448753463
1009,694,2.3614958448753463
1009,251,2.3614958448753463
1009,250,2.3614958448753463
1009,702,2.3614958448753463
1010,715,2.3614958448753463
1010,267,2.3614958448753463
1011,715,2.365412877477556
1012,715,2.3614958448753463
1012,267,2.3614958448753463
1012,294,2.3614958448753463
1012,259,2.3614958448753463
1012,674,2.3614958448753463
1012,285,2.3614958448753463
1012,279,2.3614958448753463
1012,754,2.3614958448753463
1012,694,2.3614958448753463
1012,251,2.3614958448753463
1012,250,2.3614958448753463
1012,702,2.3614958448753463
1012,714,2.3614958448753463
1012,762,2.3614958448753463
1012,275,2.3614958448753463
1012,295,2.3614958448753463
1013,715,2.3614958448753463
1014,715,3.2897996139487695
1014,267,2.5892785757682626
1014,294,2.7387072094878473
1015,715,2.3614958448753463
1018,715,2.3614958448753463
1018,267,2.3614958448753463
1018,294,2.3614958448753463
1018,259,2.3614958448753463
1019,715,2.54123042297895
1019,267,2.3614958448753463
1019,294,2.3614958448753463
1019,259,2.3924779217945478
1019,674,2.3614958448753463
1019,285,2.267049571879774
1019,279,2.3614958448753463
1019,754,2.3614958448753463
1019,694,2.3614958448753463
1019,251,2.3614958448753463
1019,250,2.3614958448753463
1019,702,2.3232256486795224
1019,714,2.3614958448753463
1019,762,2.3614958448753463
1019,275,2.3614958448753463
1019,295,2.3614958448753463
1019,757,2.31128489477658
1019,727,2.3614958448753463
1019,256,2.3858840219743787
1019,726,2.3614958448753463
1019,730,2.3572056046514933
1019,718,2.3614958448753463
1019,745,2.4823262688874577
1019,263,2.3614958448753463
1019,732,2.419828021841114
1019,683,2.3569596045958345
1020,715,3.144029632390038
1020,267,3.1137103451777195
1021,715,3.3332228223196605
1021,267,3.357142857142857
1021,294,3.320570995600374
1022,715,2.0666666666666664
1022,267,2.066666666666667
1023,715,2.6790609799661103
1023,267,2.089337278726541
1023,294,2.774881123555061
1023,259,2.484092572314208
1023,674,3.42549584453454
1023,285,2.3773654039376315
1024,715,2.3614958448753463
1024,267,5.0
1024,294,2.3614958448753463
1024,259,2.3614958448753463
1024,674,2.3614958448753463
1025,715,2.5
1026,715,1.9611553137924351
1026,267,1.9264130139636702
1026,294,2.3614958448753463
1026,259,2.6546449001922348
1027,715,2.3614958448753463
1027,267,2.3614958448753463
1027,294,3.238095238095238
1028,715,2.3614958448753463
1029,715,3.857142857142857
1030,715,2.3614958448753463
1030,267,2.307581060014037
1030,294,2.3614958448753463
1031,715,3.3853167870913214
1032,715,2.5301456466177323
1032,267,2.3614958448753463
1032,294,2.6038108024830664
1032,259,2.3614958448753463
1032,674,2.3614958448753463
1033,715,3.401271572207038
1033,267,3.2914703434530033
1033,294,3.3313220470741958
1033,259,3.2552736192728515
1033,674,3.5445313092261594
1033,285,3.4260481051067537
1033,279,3.362366940086312
1033,754,3.390929218538776
1033,694,3.431924749569374
1033,251,3.38788854519182
1033,250,3.1557978476000463
1033,702,3.3435829245695188
1033,714,3.427942223764888
1033,762,3.264730442711055
1033,275,3.224195992131719
1033,295,3.3953122579516766
1033,757,3.437497030579574
1033,727,3.2017692731947576
1033,256,3.358591932272312
1033,726,3.294852596791203
1033,730,3.2715648473648726
1033,718,3.268193531362283
1033,745,3.195672622241379
1033,263,3.3218056872755994
1033,732,3.349641607669174
1033,683,3.42349760688791
1033,751,3.415985470561927
1035,715,2.208264537958385
1035,267,2.3614958448753463
1036,715,2.817704561482458
1036,267,2.52352231729824
1036,294,2.8712586517386938
1036,259,2.466209547161446
1036,674,2.2040349678205984
1036,285,2.3734225049763222
1036,279,2.684873764111195
1037,715,2.3614958448753463
1038,715,4.666666666666667
1039,715,3.095271287438783
1039,267,3.5928451393239236
1039,294,3.2918205921077743
1039,259,2.8411326497257137
1040,715,3.1979121623251334
1040,267,2.587301587301587
1041,715,2.3614958448753463
1042,715,2.3614958448753463
