1001,715,10.0
1001,267,9.0
1001,294,9.0
1001,259,9.0
1001,674,9.0
1001,285,8.0
1001,279,8.0
1001,754,8.0
1001,694,8.0
1001,251,8.0
1002,715,10.0
1002,267,9.0
1002,294,8.0
1002,259,8.0
1002,674,8.0
1002,285,8.0
1002,279,8.0
1002,754,7.0
1002,694,7.0
1002,251,7.0
1003,715,10.0
1003,267,10.0
1003,294,9.0
1003,259,9.0
1003,674,9.0
1003,285,9.0
1003,279,8.0
1003,754,8.0
1003,694,8.0
1003,251,8.0
1004,715,10.0
1004,267,10.0
1004,294,9.0
1004,259,9.0
1004,674,9.0
1004,285,9.0
1004,279,8.0
1004,754,8.0
1004,694,8.0
1004,251,8.0
1005,715,10.0
1005,267,9.0
1005,294,9.0
1005,259,8.0
1005,674,8.0
1005,285,8.0
1005,279,8.0
1005,754,8.0
1005,694,8.0
1005,251,8.0
1006,715,10.0
1006,267,8.0
1006,294,8.0
1006,259,8.0
1006,674,8.0
1006,285,7.0
1006,279,7.0
1006,754,7.0
1006,694,6.0
1006,251,6.0
1007,715,10.0
1007,267,10.0
1007,294,9.0
1007,259,9.0
1007,674,9.0
1007,285,9.0
1007,279,8.0
1007,754,8.0
1007,694,8.0
1007,251,8.0
1008,715,10.0
1008,267,9.0
1008,294,9.0
1008,259,9.0
1008,674,8.0
1008,285,8.0
1008,279,8.0
1008,754,8.0
1008,694,8.0
1008,251,8.0
1009,715,8.0
1009,267,8.0
1009,294,8.0
1009,259,8.0
1009,674,7.0
1009,285,7.0
1009,279,7.0
1009,754,7.0
1009,694,7.0
1009,251,6.0
1010,715,10.0
1010,267,10.0
1010,294,9.0
1010,259,9.0
1010,674,9.0
1010,285,9.0
1010,279,8.0
1010,754,8.0
1010,694,8.0
1010,251,8.0
1011,715,10.0
1011,267,10.0
1011,294,9.0
1011,259,9.0
1011,674,9.0
1011,285,9.0
1011,279,8.0
1011,754,8.0
1011,694,8.0
1011,251,8.0
1012,715,10.0
1012,267,9.0
1012,294,8.0
1012,259,8.0
1012,674,8.0
1012,285,8.0
1012,279,7.0
1012,754,7.0
1012,694,7.0
1012,251,7.0
1013,715,10.0
1013,267,10.0
1013,294,9.0
1013,259,9.0
1013,674,9.0
1013,285,9.0
1013,279,8.0
1013,754,8.0
1013,694,8.0
1013,251,8.0
1014,715,10.0
1014,267,10.0
1014,294,9.0
1014,259,9.0
1014,674,9.0
1014,285,9.0
1014,279,8.0
1014,754,8.0
1014,694,8.0
1014,251,8.0
1015,715,10.0
1015,267,10.0
1015,294,9.0
1015,259,9.0
1015,674,9.0
1015,285,9.0
1015,279,8.0
1015,754,8.0
1015,694,8.0
1015,251,8.0
1016,715,10.0
1016,267,10.0
1016,294,9.0
1016,259,9.0
1016,674,9.0
1016,285,9.0
1016,279,8.0
1016,754,8.0
1016,694,8.0
1016,251,8.0
1017,715,10.0
1017,267,10.0
1017,294,9.0
1017,259,9.0
1017,674,9.0
1017,285,9.0
1017,279,8.0
1017,754,8.0
1017,694,8.0
1017,251,8.0
1018,715,10.0
1018,267,9.0
1018,294,9.0
1018,259,9.0
1018,674,8.0
1018,285,8.0
1018,279,8.0
1018,754,8.0
1018,694,8.0
1018,251,8.0
1019,715,7.0
1019,267,7.0
1019,294,7.0
1019,259,6.0
1019,674,6.0
1019,285,6.0
1019,279,6.0
1019,754,5.0
1019,694,5.0
1019,251,5.0
1020,715,10.0
1020,267,9.0
1020,294,9.0
1020,259,9.0
1020,674,8.0
1020,285,8.0
1020,279,8.0
1020,754,8.0
1020,694,8.0
1020,251,8.0
1021,715,10.0
1021,267,10.0
1021,294,9.0
1021,259,9.0
1021,674,9.0
1021,285,9.0
1021,279,8.0
1021,754,8.0
1021,694,8.0
1021,251,8.0
1022,715,10.0
1022,267,10.0
1022,294,9.0
1022,259,9.0
1022,674,9.0
1022,285,8.0
1022,279,8.0
1022,754,8.0
1022,694,8.0
1022,251,8.0
1023,715,9.0
1023,267,9.0
1023,294,8.0
1023,259,8.0
1023,674,8.0
1023,285,8.0
1023,279,8.0
1023,754,8.0
1023,694,7.0
1023,251,7.0
1024,715,10.0
1024,267,10.0
1024,294,9.0
1024,259,9.0
1024,674,9.0
1024,285,9.0
1024,279,8.0
1024,754,8.0
1024,694,8.0
1024,251,8.0
1025,715,10.0
1025,267,9.0
1025,294,9.0
1025,259,9.0
1025,674,9.0
1025,285,8.0
1025,279,8.0
1025,754,8.0
1025,694,8.0
1025,251,8.0
1026,715,10.0
1026,267,10.0
1026,294,9.0
1026,259,9.0
1026,674,9.0
1026,285,9.0
1026,279,8.0
1026,754,8.0
1026,694,8.0
1026,251,8.0
1027,715,10.0
1027,267,10.0
1027,294,9.0
1027,259,9.0
1027,674,9.0
1027,285,9.0
1027,279,8.0
1027,754,8.0
1027,694,8.0
1027,251,8.0
1028,715,10.0
1028,267,10.0
1028,294,9.0
1028,259,9.0
1028,674,9.0
1028,285,9.0
1028,279,8.0
1028,754,8.0
1028,694,8.0
1028,251,8.0
1029,715,10.0
1029,267,10.0
1029,294,9.0
1029,259,9.0
1029,674,9.0
1029,285,9.0
1029,279,8.0
1029,754,8.0
1029,694,8.0
1029,251,8.0
1030,715,10.0
1030,267,10.0
1030,294,9.0
1030,259,8.0
1030,674,8.0
1030,285,8.0
1030,279,8.0
1030,754,8.0
1030,694,8.0
1030,251,8.0
1031,715,10.0
1031,267,10.0
1031,294,9.0
1031,259,9.0
1031,674,9.0
1031,285,9.0
1031,279,8.0
1031,754,8.0
1031,694,8.0
1031,251,8.0
1032,715,10.0
1032,267,9.0
1032,294,9.0
1032,259,9.0
1032,674,9.0
1032,285,8.0
1032,279,8.0
1032,754,8.0
1032,694,8.0
1032,251,8.0
1033,715,8.0
1033,267,7.0
1033,294,7.0
1033,259,7.0
1033,674,7.0
1033,285,6.0
1033,279,6.0
1033,754,6.0
1033,694,6.0
1033,251,6.0
1034,715,10.0
1034,267,10.0
1034,294,9.0
1034,259,9.0
1034,674,9.0
1034,285,9.0
1034,279,8.0
1034,754,8.0
1034,694,8.0
1034,251,8.0
1035,715,10.0
1035,267,9.0
1035,294,9.0
1035,259,9.0
1035,674,8.0
1035,285,8.0
1035,279,8.0
1035,754,8.0
1035,694,8.0
1035,251,8.0
1036,715,10.0
1036,267,10.0
1036,294,9.0
1036,259,9.0
1036,674,9.0
1036,285,8.0
1036,279,8.0
1036,754,8.0
1036,694,8.0
1036,251,8.0
1037,715,10.0
1037,267,10.0
1037,294,9.0
1037,259,9.0
1037,674,9.0
1037,285,9.0
1037,279,8.0
1037,754,8.0
1037,694,8.0
1037,251,8.0
1038,715,10.0
1038,267,9.0
1038,294,9.0
1038,259,9.0
1038,674,9.0
1038,285,8.0
1038,279,8.0
1038,754,8.0
1038,694,8.0
1038,251,8.0
1039,715,10.0
1039,267,10.0
1039,294,9.0
1039,259,9.0
1039,674,9.0
1039,285,9.0
1039,279,8.0
1039,754,8.0
1039,694,8.0
1039,251,8.0
1040,715,10.0
1040,267,10.0
1040,294,9.0
1040,259,9.0
1040,674,9.0
1040,285,9.0
1040,279,8.0
1040,754,8.0
1040,694,8.0
1040,251,8.0
1041,715,10.0
1041,267,10.0
1041,294,9.0
1041,259,9.0
1041,674,9.0
1041,285,8.0
1041,279,8.0
1041,754,8.0
1041,694,8.0
1041,251,8.0
1042,715,10.0
1042,267,10.0
1042,294,9.0
1042,259,9.0
1042,674,9.0
1042,285,9.0
1042,279,8.0
1042,754,8.0
1042,694,8.0
1042,251,8.0
