1001,715,2.3614958448753463
1001,267,2.3614958448753463
1001,294,2.3614958448753463
1001,259,2.3614958448753463
1001,674,2.3614958448753463
1002,715,2.3614958448753463
1002,267,2.3614958448753463
1003,715,2.3614958448753463
1003,267,2.3614958448753463
1004,715,2.3614958448753463
1005,715,2.3614958448753463
1005,267,2.3614958448753463
1005,294,2.3614958448753463
1005,259,2.3614958448753463
1005,674,2.3614958448753463
1006,715,2.3614958448753463
1006,267,2.3614958448753463
1006,294,2.3614958448753463
1006,259,2.3614958448753463
1006,674,2.3614958448753463
1006,285,2.3614958448753463
1006,279,2.3614958448753463
1006,754,2.3614958448753463
1006,694,2.3614958448753463
1006,251,2.3614958448753463
1006,250,2.3614958448753463
1006,702,2.3614958448753463
1006,714,2.3614958448753463
1007,715,2.3614958448753463
1007,267,2.3614958448753463
1008,715,2.3614958448753463
1008,267,2.3614958448753463
1008,294,2.3614958448753463
1008,259,2.3614958448753463
1009,715,2.3614958448753463
1009,267,2.3614958448753463
1009,294,2.3614958448753463
1009,259,2.3614958448753463
1009,674,2.3614958448753463
1009,285,2.3614958448753463
1009,279,2.3614958448753463
1009,754,2.3614958448753463
1009,694,2.3614958448753463
1009,251,2.3614958448753463
1009,250,2.3614958448753463
1009,702,2.3614958448753463
1010,715,2.3614958448753463
1010,267,2.3614958448753463
1011,715,2.3614958448753463
1012,715,2.3614958448753463
1012,267,2.3614958448753463
1012,294,2.3614958448753463
1012,259,2.3614958448753463
1012,674,2.3614958448753463
1012,285,2.3614958448753463
1012,279,2.3614958448753463
1012,754,2.3614958448753463
1012,694,2.3614958448753463
1012,251,2.3614958448753463
1012,250,2.3614958448753463
1012,702,2.3614958448753463
1012,714,2.3614958448753463
1012,762,2.3614958448753463
1012,275,2.3614958448753463
1012,295,2.3614958448753463
1013,715,2.3614958448753463
1014,715,2.3614958448753463
1014,267,2.3614958448753463
1014,294,2.3614958448753463
1015,715,2.3614958448753463
1018,715,2.3614958448753463
1018,267,2.3614958448753463
1018,294,2.3614958448753463
1018,259,2.3614958448753463
1019,715,2.3614958448753463
1019,267,2.3614958448753463
1019,294,2.3614958448753463
1019,259,2.3614958448753463
1019,674,2.3614958448753463
1019,285,2.3614958448753463
1019,279,2.3614958448753463
1019,754,2.3614958448753463
1019,694,2.3614958448753463
1019,251,2.3614958448753463
1019,250,2.3614958448753463
1019,702,2.3614958448753463
1019,714,2.3614958448753463
1019,762,2.3614958448753463
1019,275,2.3614958448753463
1019,295,2.3614958448753463
1019,757,2.3614958448753463
1019,727,2.3614958448753463
1019,256,2.3614958448753463
1019,726,2.3614958448753463
1019,730,2.3614958448753463
1019,718,2.3614958448753463
1019,745,2.3614958448753463
1019,263,2.3614958448753463
1019,732,2.3614958448753463
1019,683,2.3614958448753463
1020,715,2.3614958448753463
1020,267,2.3614958448753463
1021,715,2.3614958448753463
1021,267,2.3614958448753463
1021,294,2.3614958448753463
1022,715,2.3614958448753463
1022,267,2.3614958448753463
1023,715,2.3614958448753463
1023,267,2.3614958448753463
1023,294,2.3614958448753463
1023,259,2.3614958448753463
1023,674,2.3614958448753463
1023,285,2.3614958448753463
1024,715,2.3614958448753463
1024,267,2.3614958448753463
1024,294,2.3614958448753463
1024,259,2.3614958448753463
1024,674,2.3614958448753463
1025,715,2.3614958448753463
1026,715,2.3614958448753463
1026,267,2.3614958448753463
1026,294,2.3614958448753463
1026,259,2.3614958448753463
1027,715,2.3614958448753463
1027,267,2.3614958448753463
1027,294,2.3614958448753463
1028,715,2.3614958448753463
1029,715,2.3614958448753463
1030,715,2.3614958448753463
1030,267,2.3614958448753463
1030,294,2.3614958448753463
1031,715,2.3614958448753463
1032,715,2.3614958448753463
1032,267,2.3614958448753463
1032,294,2.3614958448753463
1032,259,2.3614958448753463
1032,674,2.3614958448753463
1033,715,2.3614958448753463
1033,267,2.3614958448753463
1033,294,2.3614958448753463
1033,259,2.3614958448753463
1033,674,2.3614958448753463
1033,285,2.3614958448753463
1033,279,2.3614958448753463
1033,754,2.3614958448753463
1033,694,2.3614958448753463
1033,251,2.3614958448753463
1033,250,2.3614958448753463
1033,702,2.3614958448753463
1033,714,2.3614958448753463
1033,762,2.3614958448753463
1033,275,2.3614958448753463
1033,295,2.3614958448753463
1033,757,2.3614958448753463
1033,727,2.3614958448753463
1033,256,2.3614958448753463
1033,726,2.3614958448753463
1033,730,2.3614958448753463
1033,718,2.3614958448753463
1033,745,2.3614958448753463
1033,263,2.3614958448753463
1033,732,2.3614958448753463
1033,683,2.3614958448753463
1033,751,2.3614958448753463
1035,715,2.3614958448753463
1035,267,2.3614958448753463
1036,715,2.3614958448753463
1036,267,2.3614958448753463
1036,294,2.3614958448753463
1036,259,2.3614958448753463
1036,674,2.3614958448753463
1036,285,2.3614958448753463
1036,279,2.3614958448753463
1037,715,2.3614958448753463
1038,715,2.3614958448753463
1039,715,2.3614958448753463
1039,267,2.3614958448753463
1039,294,2.3614958448753463
1039,259,2.3614958448753463
1040,715,2.3614958448753463
1040,267,2.3614958448753463
1041,715,2.3614958448753463
1042,715,2.3614958448753463
