1001,715,3.9924921163357507
1001,267,2.4055172413793104
1001,294,2.4055172413793104
1002,715,2.4055172413793104
1002,267,2.4055172413793104
1002,294,2.4028237826902497
1002,259,2.4055172413793104
1003,715,2.4055172413793104
1003,267,1.5342695877718735
1003,294,2.0865183288541793
1003,259,2.2480229143426693
1003,674,4.015727391874181
1005,715,2.4055172413793104
1005,267,3.012002294153032
1005,294,3.6189547197931846
1005,259,2.4055172413793104
1005,674,2.4055172413793104
1006,715,3.1796958557093196
1006,267,2.8235267747877177
1006,294,2.4055172413793104
1006,259,2.4055172413793104
1006,674,2.4055172413793104
1006,285,2.5903715734640174
1006,279,2.4055172413793104
1006,754,2.4055172413793104
1006,694,2.4055172413793104
1006,251,2.4055172413793104
1006,250,3.1767428058463265
1006,702,2.4055172413793104
1006,714,2.4055172413793104
1006,762,2.4055172413793104
1006,275,2.4055172413793104
1006,295,2.4055172413793104
1006,757,2.4055172413793104
1006,727,2.4055172413793104
1006,256,2.4388595916537845
1006,726,2.6738859070037075
1006,730,2.4055172413793104
1008,715,2.994566542424219
1008,267,2.905312621368275
1008,294,2.4055172413793104
1008,259,2.127934207259705
1008,674,3.6019554472518083
1009,715,2.4055172413793104
1009,267,2.752585749148
1009,294,2.858038587173425
1009,259,2.4055172413793104
1009,674,2.4055172413793104
1009,285,3.6622340282000856
1009,279,2.4055172413793104
1009,754,3.5885158565165813
1009,694,2.256748332477335
1010,715,2.4055172413793104
1010,267,2.4055172413793104
1010,294,2.4055172413793104
1011,715,4.71354504505383
1012,715,3.5104508175082754
1012,267,3.164725090863006
1012,294,3.8367221798138544
1012,259,2.4055172413793104
1012,674,2.6869211732475717
1012,285,2.4055172413793104
1012,279,2.8886132596303624
1012,754,2.4055172413793104
1012,694,2.4055172413793104
1012,251,2.4055172413793104
1012,250,2.2001237314690507
1012,702,2.4055172413793104
1012,714,2.4055172413793104
1014,715,2.4055172413793104
1014,267,2.4055172413793104
1014,294,2.4055172413793104
1016,715,2.4055172413793104
1018,715,2.4055172413793104
1018,267,2.4055172413793104
1018,294,4.092792336112172
1018,259,2.4055172413793104
1019,715,2.6743774408862393
1019,267,2.4055172413793104
1019,294,2.4055172413793104
1019,259,3.9681137928890173
1019,674,2.4827550352224486
1019,285,2.473759914208694
1019,279,2.4055172413793104
1019,754,2.4055172413793104
1019,694,2.4055172413793104
1019,251,4.160001812098371
1019,250,2.4055172413793104
1019,702,2.4055172413793104
1019,714,2.4055172413793104
1019,762,2.4055172413793104
1019,275,2.4055172413793104
1019,295,3.4804864056783096
1019,757,3.7912542308056416
1019,727,2.4055172413793104
1019,256,2.4055172413793104
1019,726,2.4055172413793104
1019,730,2.4055172413793104
1019,718,2.7298384928687165
1019,745,4.295274849963962
1019,263,3.0691310173999846
1019,732,2.4055172413793104
1019,683,4.315400678893119
1019,751,2.4055172413793104
1019,719,3.0019080158444043
1019,716,3.0785375357761735
1020,715,2.4055172413793104
1020,267,2.4055172413793104
1020,294,3.064534028493398
1020,259,2.4055172413793104
1020,674,2.4055172413793104
1021,715,2.4055172413793104
1023,715,3.1743284599925796
1023,267,2.4055172413793104
1023,294,2.4055172413793104
1023,259,4.429097411635628
1023,674,4.35957210674077
1024,715,2.654805367044368
1025,715,4.7068977803063445
1026,715,3.1783255215107227
1026,267,4.109656037675017
1026,294,3.110142788007147
1026,259,2.4055172413793104
1026,674,2.4055172413793104
1026,285,3.903457143500023
1026,279,2.4055172413793104
1026,754,2.4055172413793104
1027,715,4.028248223975275
1027,267,2.4055172413793104
1028,715,2.4055172413793104
1029,715,2.4055172413793104
1030,715,3.234088620536105
1031,715,4.760594537485591
1031,267,2.4055172413793104
1031,294,4.079238645056966
1032,715,2.843388120129753
1032,267,2.4055172413793104
1033,715,2.4055172413793104
1033,267,2.4055172413793104
1033,294,2.4055172413793104
1033,259,2.4055172413793104
1033,674,2.4055172413793104
1033,285,5.0
1033,279,2.4055172413793104
1033,754,2.4055172413793104
1033,694,4.307466379031777
1033,251,3.844525379639316
1033,250,2.4055172413793104
1033,702,4.065653727361763
1033,714,2.4055172413793104
1033,762,2.4055172413793104
1033,275,2.4055172413793104
1033,295,2.851340061432699
1033,757,2.4055172413793104
1033,727,2.4055172413793104
1033,256,3.0301242018453425
1033,726,2.954051738317364
1033,730,3.6064817304835035
1033,718,2.4055172413793104
1033,745,5.0
1033,263,3.3650386569355155
1033,732,2.4055172413793104
1033,683,2.4055172413793104
1035,715,2.4055172413793104
1035,267,2.4055172413793104
1035,294,2.4055172413793104
1035,259,2.4055172413793104
1035,674,2.4836404726781796
1035,285,2.824921034621063
1036,715,3.636852990103623
1036,267,3.846630320940606
1036,294,3.455694279132389
1036,259,2.4055172413793104
1036,674,3.889729664803215
1039,715,4.74818045124319
1040,715,2.4055172413793104
1040,267,2.4055172413793104
1041,715,1.6335270617495952
1042,715,2.4055172413793104
1042,267,2.4055172413793104
