1001,715,1.4
1001,267,1.2
1001,294,1.4
1001,259,1.6
1001,674,4.8
1002,715,2.608695652173913
1002,267,2.0357142857142856
1003,715,2.4444444444444446
1003,267,3.25
1004,715,2.3333333333333335
1005,715,1.0
1005,267,2.4375
1005,294,1.3125
1005,259,2.4285714285714284
1005,674,1.0
1006,715,1.0
1006,267,3.238095238095238
1006,294,3.6265060240963853
1006,259,2.4457831325301207
1006,674,4.153846153846154
1006,285,1.025974025974026
1006,279,1.8481012658227849
1006,754,1.0
1006,694,1.0
1006,251,2.7951807228915664
1006,250,1.0
1006,702,1.5972222222222223
1006,714,1.175
1007,715,3.5
1007,267,1.25
1008,715,2.1578947368421053
1008,267,1.0
1008,294,3.4444444444444446
1008,259,3.823529411764706
1009,715,2.4482758620689653
1009,267,2.5
1009,294,1.0
1009,259,1.0
1009,674,1.8793103448275863
1009,285,3.3035714285714284
1009,279,1.0
1009,754,1.6428571428571428
1009,694,1.0
1009,251,4.25
1009,250,1.3793103448275863
1009,702,1.0
1010,715,2.6666666666666665
1010,267,2.375
1011,715,1.25
1012,715,1.0
1012,267,3.1481481481481484
1012,294,2.30188679245283
1012,259,1.0
1012,674,2.56
1012,285,2.1346153846153846
1012,279,1.0
1012,754,1.0
1012,694,1.0
1012,251,1.7222222222222223
1012,250,3.576923076923077
1012,702,1.0
1012,714,1.0
1012,762,1.7358490566037736
1012,275,3.2452830188679247
1012,295,1.5
1013,715,2.3614958448753463
1014,715,4.666666666666667
1014,267,5.0
1014,294,5.0
1015,715,1.5
1018,715,1.2727272727272727
1018,267,1.6666666666666667
1018,294,2.3636363636363638
1018,259,2.5714285714285716
1019,715,2.75
1019,267,1.0
1019,294,1.0
1019,259,2.8202247191011236
1019,674,1.0
1019,285,3.4375
1019,279,4.079545454545454
1019,754,1.2926829268292683
1019,694,2.5342465753424657
1019,251,1.625
1019,250,3.0416666666666665
1019,702,2.30188679245283
1019,714,3.2916666666666665
1019,762,2.9038461538461537
1019,275,1.78125
1019,295,1.0505050505050506
1019,757,2.043010752688172
1019,727,3.219047619047619
1019,256,2.111111111111111
1019,726,3.4096385542168677
1019,730,1.2568807339449541
1019,718,1.2236842105263157
1019,745,3.134020618556701
1019,263,1.6708860759493671
1019,732,1.3711340206185567
1019,683,1.49
1020,715,1.3571428571428572
1020,267,2.125
1021,715,5.0
1021,267,2.0
1021,294,4.75
1022,715,3.75
1022,267,3.375
1023,715,2.5172413793103448
1023,267,2.888888888888889
1023,294,3.8620689655172415
1023,259,5.0
1023,674,4.0
1023,285,3.0344827586206895
1024,715,5.0
1024,267,3.2
1024,294,2.2
1024,259,1.2
1024,674,1.0
1025,715,1.6666666666666667
1026,715,3.8125
1026,267,1.2
1026,294,3.1538461538461537
1026,259,3.6666666666666665
1027,715,1.0
1027,267,1.8333333333333333
1027,294,2.5
1028,715,4.0
1029,715,1.5
1030,715,4.666666666666667
1030,267,1.5714285714285714
1030,294,3.5714285714285716
1031,715,3.25
1032,715,2.090909090909091
1032,267,1.0
1032,294,2.25
1032,259,1.0
1032,674,2.6
1033,715,1.7411764705882353
1033,267,4.817073170731708
1033,294,1.4268292682926829
1033,259,2.75
1033,674,4.070588235294117
1033,285,1.896551724137931
1033,279,1.6341463414634145
1033,754,3.5974025974025974
1033,694,1.7301587301587302
1033,251,3.5
1033,250,1.3376623376623376
1033,702,3.2222222222222223
1033,714,2.6025641025641026
1033,762,1.4487179487179487
1033,275,4.0
1033,295,2.554054054054054
1033,757,1.8717948717948718
1033,727,3.3768115942028984
1033,256,1.4404761904761905
1033,726,1.8717948717948718
1033,730,3.1951219512195124
1033,718,1.5818181818181818
1033,745,4.6419753086419755
1033,263,1.6103896103896105
1033,732,1.5945945945945945
1033,683,5.0
1033,751,1.6081081081081081
1035,715,1.125
1035,267,2.4375
1036,715,4.0
1036,267,4.722222222222222
1036,294,2.2222222222222223
1036,259,3.7222222222222223
1036,674,4.823529411764706
1036,285,3.2222222222222223
1036,279,2.2222222222222223
1037,715,1.25
1038,715,2.75
1039,715,3.6666666666666665
1039,267,3.0
1039,294,3.0
1039,259,5.0
1040,715,1.7142857142857142
1040,267,3.0
1041,715,1.25
1042,715,1.0
