1001,715,2.5440941503465284
1001,267,2.875
1001,294,2.7578571428571426
1002,715,2.4055172413793104
1002,267,2.4055172413793104
1002,294,2.4055172413793104
1002,259,2.4055172413793104
1003,715,2.4055172413793104
1003,267,2.4055172413793104
1003,294,2.4055172413793104
1003,259,2.4055172413793104
1003,674,2.4055172413793104
1005,715,1.5797131187046753
1005,267,1.8121187021295277
1005,294,1.3820801097836932
1005,259,1.3304162788448841
1005,674,1.5141191826690823
1006,715,2.610604190720343
1006,267,2.4055172413793104
1006,294,2.534688093054812
1006,259,2.5670199755550938
1006,674,2.5547885345028836
1006,285,2.582632186509628
1006,279,2.5076550371915003
1006,754,2.342027033447268
1006,694,2.3599575286889998
1006,251,2.5979845825815904
1006,250,2.4055172413793104
1006,702,2.4055172413793104
1006,714,2.516128449374122
1006,762,2.4055172413793104
1006,275,2.422407407407407
1006,295,2.513364502223907
1006,757,2.3460526348067354
1006,727,2.4136382732693447
1006,256,2.386143035639599
1006,726,2.292570404058603
1006,730,2.364063106313209
1008,715,2.4055172413793104
1008,267,2.4055172413793104
1008,294,2.4055172413793104
1008,259,2.4055172413793104
1008,674,2.4055172413793104
1009,715,2.4055172413793104
1009,267,1.5375867914013572
1009,294,2.4055172413793104
1009,259,2.4055172413793104
1009,674,2.4055172413793104
1009,285,2.4055172413793104
1009,279,2.4055172413793104
1009,754,2.4055172413793104
1009,694,1.6513710750929596
1010,715,2.4055172413793104
1010,267,2.4055172413793104
1010,294,2.4055172413793104
1011,715,2.4055172413793104
1012,715,2.4055172413793104
1012,267,2.4055172413793104
1012,294,2.4055172413793104
1012,259,2.4055172413793104
1012,674,2.4055172413793104
1012,285,2.4055172413793104
1012,279,2.4055172413793104
1012,754,2.4055172413793104
1012,694,2.4055172413793104
1012,251,2.4055172413793104
1012,250,2.4055172413793104
1012,702,2.4055172413793104
1012,714,2.4055172413793104
1014,715,2.8436559172138134
1014,267,3.3899195820980093
1014,294,3.0772635929473378
1016,715,2.4055172413793104
1018,715,2.4055172413793104
1018,267,2.4055172413793104
1018,294,2.4055172413793104
1018,259,2.4055172413793104
1019,715,2.507563078184967
1019,267,2.4055172413793104
1019,294,2.6133220349709148
1019,259,2.4593997028635877
1019,674,2.4055172413793104
1019,285,2.4055172413793104
1019,279,2.4055172413793104
1019,754,2.430883609886512
1019,694,2.4055172413793104
1019,251,2.4055172413793104
1019,250,2.5682602474946448
1019,702,2.4567024908806614
1019,714,2.479554572424071
1019,762,2.5143123991890213
1019,275,2.4055172413793104
1019,295,2.5919925438977547
1019,757,2.3917169827917126
1019,727,2.389128473963439
1019,256,2.4321626984126983
1019,726,2.4055172413793104
1019,730,2.3756351675958736
1019,718,2.562575564532197
1019,745,2.4444778304966897
1019,263,2.4055172413793104
1019,732,2.440529158186399
1019,683,2.489767360687342
1019,751,2.4055172413793104
1019,719,2.4055172413793104
1019,716,2.4055172413793104
1020,715,2.965846208712244
1020,267,3.2912810027662234
1020,294,3.416313688530344
1020,259,2.7450133151063585
1020,674,2.4055172413793104
1021,715,2.4169834641404013
1023,715,2.3571116639461374
1023,267,2.1459368604319575
1023,294,2.6371050640293037
1023,259,2.3370036020203053
1023,674,2.3994054414664627
1024,715,4.919573129778011
1025,715,2.7643695650232813
1026,715,1.6914190742886364
1026,267,2.4055172413793104
1026,294,1.8557783967133032
1026,259,2.4055172413793104
1026,674,2.0302831693848855
1026,285,2.1223646198704875
1026,279,2.2614663336489507
1026,754,2.142003531363404
1027,715,2.8333333333333335
1027,267,2.4055172413793104
1028,715,2.4055172413793104
1029,715,2.4055172413793104
1030,715,3.294884594803857
1031,715,2.4055172413793104
1031,267,2.4055172413793104
1031,294,3.25304997735002
1032,715,2.773792229727139
1032,267,3.2686737974000786
1033,715,3.9302237084786737
1033,267,4.200725566036579
1033,294,3.98184183439134
1033,259,3.908262745508571
1033,674,4.154315333576227
1033,285,4.018583736922606
1033,279,3.829069366293147
1033,754,3.81174863986414
1033,694,4.057266339817901
1033,251,3.8435810926874137
1033,250,4.132297114900537
1033,702,3.827076803880795
1033,714,4.039297989652851
1033,762,4.133235558077951
1033,275,4.051405580659709
1033,295,3.8860079845320454
1033,757,4.100764158819759
1033,727,3.9231365341378286
1033,256,4.077010456399016
1033,726,4.215209905741643
1033,730,4.082675664927795
1033,718,4.147379295918209
1033,745,3.986440011457747
1033,263,3.9466811050132624
1033,732,3.900096207577718
1033,683,3.709316842685603
1035,715,2.4055172413793104
1035,267,2.4055172413793104
1035,294,2.4055172413793104
1035,259,2.4055172413793104
1035,674,2.4055172413793104
1035,285,2.4055172413793104
1036,715,2.464852622257742
1036,267,2.4055172413793104
1036,294,2.4055172413793104
1036,259,2.922595464803317
1036,674,2.5233779141782082
1039,715,2.4055172413793104
1040,715,2.4055172413793104
1040,267,2.4055172413793104
1041,715,2.4055172413793104
1042,715,2.4055172413793104
1042,267,2.4055172413793104
